G3dErrFileVersion 2018P3.1
FlagFileMetaData Begin
   Mesh Size - Setup1, Refinement, Pass #2, Freq. 1.200000e+10 :Title    
   Listing of mesh elements with small segments. :ToolTip  
   hf3d :Author   
   1634974043 :TimeStamp
FlagFileMetaData End
BEGIN_ERR 
26 Small mesh segment detected on body : Box1
 Small mesh segment detected on body : Box1 
 Segment Statistics - Number of Segments : 1 --- Segment length(s) : 4.177722mm. The cutoff frequency for S-Matrix Only Solve is 3.747405725MHz 
3 -1  9  74  # nfids, fids[]
2 6  -1  # nbids, bids[]
      5 4 1 0 #ntets ntri ned npts
           4.0000000000000000e+01   1.7763568394002501e-15   7.6200000000000001e+00 #xyz tv0
           4.2040649586868589e+01   2.0642712688114706e+00   8.9064622976710588e+00 #xyz tv1
           4.3408742407850866e+01   1.5070449747081844e-15   7.7446660122623632e+00 #xyz tv2
           4.0000000000000000e+01   0.0000000000000000e+00   1.0160000000000000e+01 -1 6 #xyz tv3 fid bid
           4.0000000000000000e+01   1.7763568394002501e-15   7.6200000000000001e+00 #xyz tv0
           4.3408742407850866e+01   1.5070449747081844e-15   7.7446660122623632e+00 #xyz tv1
           4.2805473802979236e+01  -4.4102734374999897e-01   7.6201648249361584e+00 #xyz tv2
           4.0000000000000000e+01   0.0000000000000000e+00   1.0160000000000000e+01 -1 6 #xyz tv3 fid bid
           4.2040649586868589e+01   2.0642712688114706e+00   8.9064622976710588e+00 #xyz tv0
           4.0000000000000000e+01   0.0000000000000000e+00   1.0160000000000000e+01 #xyz tv1
           4.3847656250000000e+01   0.0000000000000000e+00   1.0160000000000000e+01 #xyz tv2
           4.3408742407850866e+01   1.5070449747081844e-15   7.7446660122623632e+00 -1 6 #xyz tv3 fid bid
           4.2142515008522594e+01  -1.1430000000000002e+00   1.0034666484685513e+01 #xyz tv0
           4.3408742407850866e+01   1.5070449747081844e-15   7.7446660122623632e+00 #xyz tv1
           4.0000000000000000e+01   0.0000000000000000e+00   1.0160000000000000e+01 #xyz tv2
           4.2805473802979236e+01  -4.4102734374999897e-01   7.6201648249361584e+00 -1 6 #xyz tv3 fid bid
           4.2142515008522594e+01  -1.1430000000000002e+00   1.0034666484685513e+01 #xyz tv0
           4.0000000000000000e+01   0.0000000000000000e+00   1.0160000000000000e+01 #xyz tv1
           4.3408742407850866e+01   1.5070449747081844e-15   7.7446660122623632e+00 #xyz tv2
           4.3847656250000000e+01   0.0000000000000000e+00   1.0160000000000000e+01 -1 6 #xyz tv3 fid bid
           4.3847656250000000e+01   0.0000000000000000e+00   1.0160000000000000e+01 #xyz tv0
           4.0000000000000000e+01   0.0000000000000000e+00   1.0160000000000000e+01 #xyz tv1
           4.3408742407850866e+01   1.5070449747081844e-15   7.7446660122623632e+00 9 -1 #xyz tv2 fid bid
           4.3847656250000000e+01   0.0000000000000000e+00   1.0160000000000000e+01 #xyz tv0
           4.0000000000000000e+01   0.0000000000000000e+00   1.0160000000000000e+01 #xyz tv1
           4.3408742407850866e+01   1.5070449747081844e-15   7.7446660122623632e+00 74 -1 #xyz tv2 fid bid
           4.0000000000000000e+01   0.0000000000000000e+00   1.0160000000000000e+01 #xyz tv0
           4.0000000000000000e+01   1.7763568394002501e-15   7.6200000000000001e+00 #xyz tv1
           4.3408742407850866e+01   1.5070449747081844e-15   7.7446660122623632e+00 9 -1 #xyz tv2 fid bid
           4.0000000000000000e+01   0.0000000000000000e+00   1.0160000000000000e+01 #xyz tv0
           4.0000000000000000e+01   1.7763568394002501e-15   7.6200000000000001e+00 #xyz tv1
           4.3408742407850866e+01   1.5070449747081844e-15   7.7446660122623632e+00 74 -1 #xyz tv2 fid bid
           4.0000000000000000e+01   0.0000000000000000e+00   1.0160000000000000e+01 #xyz ev0
           4.3408742407850866e+01   1.5070449747081844e-15   7.7446660122623632e+00 -1 6 #xyz ev1 fid bid
   0   0.000000000000e+00   0.000000000000e+00   0.000000000000e+00 #flag location
END_ERR 
G3dErrFileVersion 2018P3.1
FlagFileMetaData Begin
   Mesh Size - Setup1, Refinement, Pass #3, Freq. 1.200000e+10 :Title    
   Listing of mesh elements with small segments. :ToolTip  
   hf3d :Author   
   1634974045 :TimeStamp
FlagFileMetaData End
BEGIN_ERR 
26 Small mesh segment detected on body : Box1
 Small mesh segment detected on body : Box1 
 Segment Statistics - Number of Segments : 1 --- Segment length(s) : 4.177722mm. The cutoff frequency for S-Matrix Only Solve is 3.747405725MHz 
3 -1  9  74  # nfids, fids[]
2 6  -1  # nbids, bids[]
      5 4 1 0 #ntets ntri ned npts
           4.0000000000000000e+01   1.7763568394002501e-15   7.6200000000000001e+00 #xyz tv0
           4.2040649586868589e+01   2.0642712688114706e+00   8.9064622976710588e+00 #xyz tv1
           4.3408742407850866e+01   1.5070449747081844e-15   7.7446660122623641e+00 #xyz tv2
           4.0000000000000000e+01   0.0000000000000000e+00   1.0160000000000000e+01 -1 6 #xyz tv3 fid bid
           4.0000000000000000e+01   1.7763568394002501e-15   7.6200000000000001e+00 #xyz tv0
           4.3408742407850866e+01   1.5070449747081844e-15   7.7446660122623641e+00 #xyz tv1
           4.2805473802979236e+01  -4.4102734374999897e-01   7.6201648249361593e+00 #xyz tv2
           4.0000000000000000e+01   0.0000000000000000e+00   1.0160000000000000e+01 -1 6 #xyz tv3 fid bid
           4.2040649586868589e+01   2.0642712688114706e+00   8.9064622976710588e+00 #xyz tv0
           4.0000000000000000e+01   0.0000000000000000e+00   1.0160000000000000e+01 #xyz tv1
           4.3847656250000000e+01   0.0000000000000000e+00   1.0160000000000000e+01 #xyz tv2
           4.3408742407850866e+01   1.5070449747081844e-15   7.7446660122623641e+00 -1 6 #xyz tv3 fid bid
           4.2142515008522601e+01  -1.1430000000000005e+00   1.0034666484685513e+01 #xyz tv0
           4.3408742407850866e+01   1.5070449747081844e-15   7.7446660122623641e+00 #xyz tv1
           4.0000000000000000e+01   0.0000000000000000e+00   1.0160000000000000e+01 #xyz tv2
           4.2805473802979236e+01  -4.4102734374999897e-01   7.6201648249361593e+00 -1 6 #xyz tv3 fid bid
           4.2142515008522601e+01  -1.1430000000000005e+00   1.0034666484685513e+01 #xyz tv0
           4.0000000000000000e+01   0.0000000000000000e+00   1.0160000000000000e+01 #xyz tv1
           4.3408742407850866e+01   1.5070449747081844e-15   7.7446660122623641e+00 #xyz tv2
           4.3847656250000000e+01   0.0000000000000000e+00   1.0160000000000000e+01 -1 6 #xyz tv3 fid bid
           4.3847656250000000e+01   0.0000000000000000e+00   1.0160000000000000e+01 #xyz tv0
           4.0000000000000000e+01   0.0000000000000000e+00   1.0160000000000000e+01 #xyz tv1
           4.3408742407850866e+01   1.5070449747081844e-15   7.7446660122623641e+00 9 -1 #xyz tv2 fid bid
           4.3847656250000000e+01   0.0000000000000000e+00   1.0160000000000000e+01 #xyz tv0
           4.0000000000000000e+01   0.0000000000000000e+00   1.0160000000000000e+01 #xyz tv1
           4.3408742407850866e+01   1.5070449747081844e-15   7.7446660122623641e+00 74 -1 #xyz tv2 fid bid
           4.0000000000000000e+01   0.0000000000000000e+00   1.0160000000000000e+01 #xyz tv0
           4.0000000000000000e+01   1.7763568394002501e-15   7.6200000000000001e+00 #xyz tv1
           4.3408742407850866e+01   1.5070449747081844e-15   7.7446660122623641e+00 9 -1 #xyz tv2 fid bid
           4.0000000000000000e+01   0.0000000000000000e+00   1.0160000000000000e+01 #xyz tv0
           4.0000000000000000e+01   1.7763568394002501e-15   7.6200000000000001e+00 #xyz tv1
           4.3408742407850866e+01   1.5070449747081844e-15   7.7446660122623641e+00 74 -1 #xyz tv2 fid bid
           4.0000000000000000e+01   0.0000000000000000e+00   1.0160000000000000e+01 #xyz ev0
           4.3408742407850866e+01   1.5070449747081844e-15   7.7446660122623641e+00 -1 6 #xyz ev1 fid bid
   0   0.000000000000e+00   0.000000000000e+00   0.000000000000e+00 #flag location
END_ERR 
G3dErrFileVersion 2018P3.1
FlagFileMetaData Begin
   Mesh Size - Setup1, Refinement, Pass #1, Freq. 1.200000e+10 :Title    
   Listing of mesh elements with small segments. :ToolTip  
   hf3d :Author   
   1634974430 :TimeStamp
FlagFileMetaData End
BEGIN_ERR 
26 Small mesh segment detected on body : Box1
 Small mesh segment detected on body : Box1 
 Segment Statistics - Number of Segments : 1 --- Segment length(s) : 0.125034mm. The cutoff frequency for S-Matrix Only Solve is 3.747405725MHz 
1 -1  # nfids, fids[]
1 6  # nbids, bids[]
      6 0 1 0 #ntets ntri ned npts
           2.8588735115260732e+01   2.2859999999999999e+01   1.7006628695250481e+00 #xyz tv0
           2.8629006938100503e+01   2.2752035215915207e+01   1.6521309705913747e+00 #xyz tv1
           2.8369396932512071e+01   2.2859999999999999e+01   1.1140580295575861e+00 #xyz tv2
           2.8071610455527416e+01   2.2859999999999999e+01   1.7413109960374640e+00 -1 6 #xyz tv3 fid bid
           2.8462862383853768e+01   2.2570786820739968e+01   2.0932612024178652e+00 #xyz tv0
           2.8629006938100503e+01   2.2752035215915207e+01   1.6521309705913747e+00 #xyz tv1
           2.8588735115260732e+01   2.2859999999999999e+01   1.7006628695250481e+00 #xyz tv2
           2.8071610455527416e+01   2.2859999999999999e+01   1.7413109960374640e+00 -1 6 #xyz tv3 fid bid
           2.8588735115260732e+01   2.2859999999999999e+01   1.7006628695250481e+00 #xyz tv0
           2.8629006938100503e+01   2.2752035215915207e+01   1.6521309705913747e+00 #xyz tv1
           2.9057201728340740e+01   2.2859999999999999e+01   2.2374352059909892e+00 #xyz tv2
           2.9102205647817627e+01   2.2859999999999999e+01   1.6373629151530071e+00 -1 6 #xyz tv3 fid bid
           2.8982079194715315e+01   2.2859999999999999e+01   1.1432588982513847e+00 #xyz tv0
           2.8629006938100503e+01   2.2752035215915207e+01   1.6521309705913747e+00 #xyz tv1
           2.8588735115260732e+01   2.2859999999999999e+01   1.7006628695250481e+00 #xyz tv2
           2.9102205647817627e+01   2.2859999999999999e+01   1.6373629151530071e+00 -1 6 #xyz tv3 fid bid
           2.8982079194715315e+01   2.2859999999999999e+01   1.1432588982513847e+00 #xyz tv0
           2.8588735115260732e+01   2.2859999999999999e+01   1.7006628695250481e+00 #xyz tv1
           2.8629006938100503e+01   2.2752035215915207e+01   1.6521309705913747e+00 #xyz tv2
           2.8369396932512071e+01   2.2859999999999999e+01   1.1140580295575861e+00 -1 6 #xyz tv3 fid bid
           2.8462862383853768e+01   2.2570786820739968e+01   2.0932612024178652e+00 #xyz tv0
           2.8588735115260732e+01   2.2859999999999999e+01   1.7006628695250481e+00 #xyz tv1
           2.8629006938100503e+01   2.2752035215915207e+01   1.6521309705913747e+00 #xyz tv2
           2.9057201728340740e+01   2.2859999999999999e+01   2.2374352059909892e+00 -1 6 #xyz tv3 fid bid
           2.8588735115260732e+01   2.2859999999999999e+01   1.7006628695250481e+00 #xyz ev0
           2.8629006938100503e+01   2.2752035215915207e+01   1.6521309705913747e+00 -1 6 #xyz ev1 fid bid
   0   0.000000000000e+00   0.000000000000e+00   0.000000000000e+00 #flag location
END_ERR 
BEGIN_ERR 
26 Small mesh segment detected on body : Box1
 Small mesh segment detected on body : Box1 
 Segment Statistics - Number of Segments : 1 --- Segment length(s) : 0.144129mm. The cutoff frequency for S-Matrix Only Solve is 3.747405725MHz 
1 -1  # nfids, fids[]
1 6  # nbids, bids[]
      5 0 1 0 #ntets ntri ned npts
           2.0364077967880426e+01   1.6994368507086467e+01   1.0159999999999997e+01 #xyz tv0
           2.0274958576263217e+01   1.6509494292449897e+01   1.0159999999999997e+01 #xyz tv1
           2.0365258135871386e+01   1.7008318216786773e+01   1.0016552207312941e+01 #xyz tv2
           1.9886386775792634e+01   1.6886766883598021e+01   1.0159999999999997e+01 -1 6 #xyz tv3 fid bid
           2.0809795871934487e+01   1.6688493391724300e+01   1.0159999999999997e+01 #xyz tv0
           2.0365258135871386e+01   1.7008318216786773e+01   1.0016552207312941e+01 #xyz tv1
           2.0364077967880426e+01   1.6994368507086467e+01   1.0159999999999997e+01 #xyz tv2
           2.0274958576263217e+01   1.6509494292449897e+01   1.0159999999999997e+01 -1 6 #xyz tv3 fid bid
           2.0809795871934487e+01   1.6688493391724300e+01   1.0159999999999997e+01 #xyz tv0
           2.0364077967880426e+01   1.6994368507086467e+01   1.0159999999999997e+01 #xyz tv1
           2.0365258135871386e+01   1.7008318216786773e+01   1.0016552207312941e+01 #xyz tv2
           2.0786820362284356e+01   1.7289624480222187e+01   1.0159999999999997e+01 -1 6 #xyz tv3 fid bid
           2.0364077967880426e+01   1.6994368507086467e+01   1.0159999999999997e+01 #xyz tv0
           2.0365258135871386e+01   1.7008318216786773e+01   1.0016552207312941e+01 #xyz tv1
           2.0105654206061956e+01   1.7572751920413410e+01   1.0159999999999997e+01 #xyz tv2
           1.9886386775792634e+01   1.6886766883598021e+01   1.0159999999999997e+01 -1 6 #xyz tv3 fid bid
           2.0364077967880426e+01   1.6994368507086467e+01   1.0159999999999997e+01 #xyz tv0
           2.0105654206061956e+01   1.7572751920413410e+01   1.0159999999999997e+01 #xyz tv1
           2.0365258135871386e+01   1.7008318216786773e+01   1.0016552207312941e+01 #xyz tv2
           2.0786820362284356e+01   1.7289624480222187e+01   1.0159999999999997e+01 -1 6 #xyz tv3 fid bid
           2.0364077967880426e+01   1.6994368507086467e+01   1.0159999999999997e+01 #xyz ev0
           2.0365258135871386e+01   1.7008318216786773e+01   1.0016552207312941e+01 -1 6 #xyz ev1 fid bid
   0   0.000000000000e+00   0.000000000000e+00   0.000000000000e+00 #flag location
END_ERR 
BEGIN_ERR 
26 Small mesh segment detected on body : Box1
 Small mesh segment detected on body : Box1 
 Segment Statistics - Number of Segments : 1 --- Segment length(s) : 0.151064mm. The cutoff frequency for S-Matrix Only Solve is 3.747405725MHz 
1 -1  # nfids, fids[]
1 6  # nbids, bids[]
      6 0 1 0 #ntets ntri ned npts
           3.8838594173915254e+01   1.4209984779260068e+01   1.0159999999999997e+01 #xyz tv0
           3.9371446711065474e+01   1.3791251241446647e+01   1.0159999999999997e+01 #xyz tv1
           3.8777820965899892e+01   1.3587573240151405e+01   1.0009394798202500e+01 #xyz tv2
           3.8771916433254034e+01   1.3597752478514105e+01   1.0159999999999997e+01 -1 6 #xyz tv3 fid bid
           3.9310218620760992e+01   1.3075985657610612e+01   1.0159999999999995e+01 #xyz tv0
           3.8771916433254034e+01   1.3597752478514105e+01   1.0159999999999997e+01 #xyz tv1
           3.8777820965899892e+01   1.3587573240151405e+01   1.0009394798202500e+01 #xyz tv2
           3.9371446711065474e+01   1.3791251241446647e+01   1.0159999999999997e+01 -1 6 #xyz tv3 fid bid
           3.8838594173915254e+01   1.4209984779260068e+01   1.0159999999999997e+01 #xyz tv0
           3.8771916433254034e+01   1.3597752478514105e+01   1.0159999999999997e+01 #xyz tv1
           3.8777820965899892e+01   1.3587573240151405e+01   1.0009394798202500e+01 #xyz tv2
           3.8353637320468785e+01   1.4052600895300937e+01   1.0159999999999997e+01 -1 6 #xyz tv3 fid bid
           3.9310218620760992e+01   1.3075985657610612e+01   1.0159999999999995e+01 #xyz tv0
           3.8777820965899892e+01   1.3587573240151405e+01   1.0009394798202500e+01 #xyz tv1
           3.8771916433254034e+01   1.3597752478514105e+01   1.0159999999999997e+01 #xyz tv2
           3.8620700319678321e+01   1.2879929186369779e+01   1.0159999999999997e+01 -1 6 #xyz tv3 fid bid
           3.8353637320468785e+01   1.4052600895300937e+01   1.0159999999999997e+01 #xyz tv0
           3.8771916433254034e+01   1.3597752478514105e+01   1.0159999999999997e+01 #xyz tv1
           3.8777820965899892e+01   1.3587573240151405e+01   1.0009394798202500e+01 #xyz tv2
           3.8149559840533968e+01   1.3592769560022163e+01   1.0159999999999997e+01 -1 6 #xyz tv3 fid bid
           3.8771916433254034e+01   1.3597752478514105e+01   1.0159999999999997e+01 #xyz tv0
           3.8620700319678321e+01   1.2879929186369779e+01   1.0159999999999997e+01 #xyz tv1
           3.8777820965899892e+01   1.3587573240151405e+01   1.0009394798202500e+01 #xyz tv2
           3.8149559840533968e+01   1.3592769560022163e+01   1.0159999999999997e+01 -1 6 #xyz tv3 fid bid
           3.8777820965899892e+01   1.3587573240151405e+01   1.0009394798202500e+01 #xyz ev0
           3.8771916433254034e+01   1.3597752478514105e+01   1.0159999999999997e+01 -1 6 #xyz ev1 fid bid
   0   0.000000000000e+00   0.000000000000e+00   0.000000000000e+00 #flag location
END_ERR 
BEGIN_ERR 
26 Small mesh segment detected on body : Box1
 Small mesh segment detected on body : Box1 
 Segment Statistics - Number of Segments : 1 --- Segment length(s) : 0.159062mm. The cutoff frequency for S-Matrix Only Solve is 3.747405725MHz 
1 -1  # nfids, fids[]
1 6  # nbids, bids[]
      5 0 1 0 #ntets ntri ned npts
           4.2464055541386116e+01   6.2566533326623990e+00  -6.4325032533185340e-15 #xyz tv0
           4.3020449972822227e+01   6.1238838190405263e+00  -6.3699032077879226e-15 #xyz tv1
           4.3054058459275026e+01   6.0892741101885965e+00   1.5156925101188418e-01 #xyz tv2
           4.2864144012000708e+01   6.6419471881734768e+00  -6.5209725882091574e-15 -1 6 #xyz tv3 fid bid
           4.2464055541386116e+01   6.2566533326623990e+00  -6.4325032533185340e-15 #xyz tv0
           4.3054058459275026e+01   6.0892741101885965e+00   1.5156925101188418e-01 #xyz tv1
           4.3020449972822227e+01   6.1238838190405263e+00  -6.3699032077879226e-15 #xyz tv2
           4.2664865109531185e+01   5.8016448385467649e+00  -6.2998040416810559e-15 -1 6 #xyz tv3 fid bid
           4.3020449972822227e+01   6.1238838190405263e+00  -6.3699032077879226e-15 #xyz tv0
           4.3481008954447717e+01   6.3154222883229973e+00  -6.4031700659768451e-15 #xyz tv1
           4.3054058459275026e+01   6.0892741101885965e+00   1.5156925101188418e-01 #xyz tv2
           4.2864144012000708e+01   6.6419471881734768e+00  -6.5209725882091574e-15 -1 6 #xyz tv3 fid bid
           4.3020449972822227e+01   6.1238838190405263e+00  -6.3699032077879226e-15 #xyz tv0
           4.2664865109531185e+01   5.8016448385467649e+00  -6.2998040416810559e-15 #xyz tv1
           4.3054058459275026e+01   6.0892741101885965e+00   1.5156925101188418e-01 #xyz tv2
           4.3207226511973346e+01   5.6183351178199308e+00  -6.2212346841314029e-15 -1 6 #xyz tv3 fid bid
           4.3020449972822227e+01   6.1238838190405263e+00  -6.3699032077879226e-15 #xyz tv0
           4.3054058459275026e+01   6.0892741101885965e+00   1.5156925101188418e-01 #xyz tv1
           4.3481008954447717e+01   6.3154222883229973e+00  -6.4031700659768451e-15 #xyz tv2
           4.3207226511973346e+01   5.6183351178199308e+00  -6.2212346841314029e-15 -1 6 #xyz tv3 fid bid
           4.3054058459275026e+01   6.0892741101885965e+00   1.5156925101188418e-01 #xyz ev0
           4.3020449972822227e+01   6.1238838190405263e+00  -6.3699032077879226e-15 -1 6 #xyz ev1 fid bid
   0   0.000000000000e+00   0.000000000000e+00   0.000000000000e+00 #flag location
END_ERR 
BEGIN_ERR 
26 Small mesh segment detected on body : Box1
 Small mesh segment detected on body : Box1 
 Segment Statistics - Number of Segments : 1 --- Segment length(s) : 0.161135mm. The cutoff frequency for S-Matrix Only Solve is 3.747405725MHz 
1 -1  # nfids, fids[]
1 6  # nbids, bids[]
      6 0 1 0 #ntets ntri ned npts
           5.9369915756308160e+01   1.2570033463298806e+01   1.0159999999999989e+01 #xyz tv0
           5.9452493795523949e+01   1.3187482103056610e+01   1.0008202855454819e+01 #xyz tv1
           5.9893465587612241e+01   1.2762297954087067e+01   1.0159999999999989e+01 #xyz tv2
           5.9422269501571307e+01   1.3142665848845350e+01   1.0159999999999989e+01 -1 6 #xyz tv3 fid bid
           6.0081709595572349e+01   1.3291655412942983e+01   1.0159999999999989e+01 #xyz tv0
           5.9452493795523949e+01   1.3187482103056610e+01   1.0008202855454819e+01 #xyz tv1
           5.9422269501571307e+01   1.3142665848845350e+01   1.0159999999999989e+01 #xyz tv2
           5.9893465587612241e+01   1.2762297954087067e+01   1.0159999999999989e+01 -1 6 #xyz tv3 fid bid
           5.9369915756308160e+01   1.2570033463298806e+01   1.0159999999999989e+01 #xyz tv0
           5.8705346273643954e+01   1.2696582577357361e+01   1.0159999999999989e+01 #xyz tv1
           5.9452493795523949e+01   1.3187482103056610e+01   1.0008202855454819e+01 #xyz tv2
           5.9422269501571307e+01   1.3142665848845350e+01   1.0159999999999989e+01 -1 6 #xyz tv3 fid bid
           6.0081709595572349e+01   1.3291655412942983e+01   1.0159999999999989e+01 #xyz tv0
           5.9422269501571307e+01   1.3142665848845350e+01   1.0159999999999989e+01 #xyz tv1
           5.9452493795523949e+01   1.3187482103056610e+01   1.0008202855454819e+01 #xyz tv2
           5.9624643094086217e+01   1.3778964851969731e+01   1.0159999999999989e+01 -1 6 #xyz tv3 fid bid
           5.9422269501571307e+01   1.3142665848845350e+01   1.0159999999999989e+01 #xyz tv0
           5.8705346273643954e+01   1.2696582577357361e+01   1.0159999999999989e+01 #xyz tv1
           5.9452493795523949e+01   1.3187482103056610e+01   1.0008202855454819e+01 #xyz tv2
           5.8906260677201516e+01   1.3538732682585971e+01   1.0159999999999989e+01 -1 6 #xyz tv3 fid bid
           5.9422269501571307e+01   1.3142665848845350e+01   1.0159999999999989e+01 #xyz tv0
           5.9452493795523949e+01   1.3187482103056610e+01   1.0008202855454819e+01 #xyz tv1
           5.9624643094086217e+01   1.3778964851969731e+01   1.0159999999999989e+01 #xyz tv2
           5.8906260677201516e+01   1.3538732682585971e+01   1.0159999999999989e+01 -1 6 #xyz tv3 fid bid
           5.9452493795523949e+01   1.3187482103056610e+01   1.0008202855454819e+01 #xyz ev0
           5.9422269501571307e+01   1.3142665848845350e+01   1.0159999999999989e+01 -1 6 #xyz ev1 fid bid
   0   0.000000000000e+00   0.000000000000e+00   0.000000000000e+00 #flag location
END_ERR 
BEGIN_ERR 
26 Small mesh segment detected on body : Box1
 Small mesh segment detected on body : Box1 
 Segment Statistics - Number of Segments : 1 --- Segment length(s) : 0.162707mm. The cutoff frequency for S-Matrix Only Solve is 3.747405725MHz 
1 -1  # nfids, fids[]
1 6  # nbids, bids[]
      5 0 1 0 #ntets ntri ned npts
           1.3027260006371421e+01   1.3492991691261723e+01  -1.8570658506131086e-15 #xyz tv0
           1.3515748797461150e+01   1.3104694642876572e+01   1.5806766110537987e-01 #xyz tv1
           1.3478895550219629e+01   1.3093294915110723e+01  -2.0306593579224976e-15 #xyz tv2
           1.2951776186589512e+01   1.2995284887342606e+01  -1.9696128916305482e-15 -1 6 #xyz tv3 fid bid
           1.3027260006371421e+01   1.3492991691261723e+01  -1.8570658506131086e-15 #xyz tv0
           1.3478895550219629e+01   1.3093294915110723e+01  -2.0306593579224976e-15 #xyz tv1
           1.3515748797461150e+01   1.3104694642876572e+01   1.5806766110537987e-01 #xyz tv2
           1.3636523821833539e+01   1.3718829023940662e+01  -1.8954280942122716e-15 -1 6 #xyz tv3 fid bid
           1.3478895550219629e+01   1.3093294915110723e+01  -2.0306593579224976e-15 #xyz tv0
           1.3515748797461150e+01   1.3104694642876572e+01   1.5806766110537987e-01 #xyz tv1
           1.3470329704385517e+01   1.2579746203176565e+01  -2.1566381749197443e-15 #xyz tv2
           1.2951776186589512e+01   1.2995284887342606e+01  -1.9696128916305482e-15 -1 6 #xyz tv3 fid bid
           1.3478895550219629e+01   1.3093294915110723e+01  -2.0306593579224976e-15 #xyz tv0
           1.3515748797461150e+01   1.3104694642876572e+01   1.5806766110537987e-01 #xyz tv1
           1.3636523821833539e+01   1.3718829023940662e+01  -1.8954280942122716e-15 #xyz tv2
           1.4016970697163060e+01   1.3147660784803350e+01  -2.1040160573239852e-15 -1 6 #xyz tv3 fid bid
           1.3478895550219629e+01   1.3093294915110723e+01  -2.0306593579224976e-15 #xyz tv0
           1.3470329704385517e+01   1.2579746203176565e+01  -2.1566381749197443e-15 #xyz tv1
           1.3515748797461150e+01   1.3104694642876572e+01   1.5806766110537987e-01 #xyz tv2
           1.4016970697163060e+01   1.3147660784803350e+01  -2.1040160573239852e-15 -1 6 #xyz tv3 fid bid
           1.3478895550219629e+01   1.3093294915110723e+01  -2.0306593579224976e-15 #xyz ev0
           1.3515748797461150e+01   1.3104694642876572e+01   1.5806766110537987e-01 -1 6 #xyz ev1 fid bid
   0   0.000000000000e+00   0.000000000000e+00   0.000000000000e+00 #flag location
END_ERR 
BEGIN_ERR 
26 Small mesh segment detected on body : Box1
 Small mesh segment detected on body : Box1 
 Segment Statistics - Number of Segments : 1 --- Segment length(s) : 0.163715mm. The cutoff frequency for S-Matrix Only Solve is 3.747405725MHz 
1 -1  # nfids, fids[]
1 6  # nbids, bids[]
      5 0 1 0 #ntets ntri ned npts
           5.7388637835164673e+01   9.4334752158425008e+00  -9.1696840532453789e-15 #xyz tv0
           5.7424407555344430e+01   9.4538164991677309e+00   1.5845980163837978e-01 #xyz tv1
           5.6964349755215544e+01   9.0043696485210027e+00  -8.8112880498798541e-15 #xyz tv2
           5.6917757800283283e+01   9.5527845561422602e+00  -9.1802758632571082e-15 -1 6 #xyz tv3 fid bid
           5.7388637835164673e+01   9.4334752158425008e+00  -9.1696840532453789e-15 #xyz tv0
           5.6964349755215544e+01   9.0043696485210027e+00  -8.8112880498798541e-15 #xyz tv1
           5.7424407555344430e+01   9.4538164991677309e+00   1.5845980163837978e-01 #xyz tv2
           5.7528485929990708e+01   8.9585049769998690e+00  -8.8597899055637519e-15 -1 6 #xyz tv3 fid bid
           5.7388637835164673e+01   9.4334752158425008e+00  -9.1696840532453789e-15 #xyz tv0
           5.7425806575556607e+01   1.0013479347369982e+01  -9.5757127474711492e-15 #xyz tv1
           5.7424407555344430e+01   9.4538164991677309e+00   1.5845980163837978e-01 #xyz tv2
           5.6917757800283283e+01   9.5527845561422602e+00  -9.1802758632571082e-15 -1 6 #xyz tv3 fid bid
           5.7388637835164673e+01   9.4334752158425008e+00  -9.1696840532453789e-15 #xyz tv0
           5.7528485929990708e+01   8.9585049769998690e+00  -8.8597899055637519e-15 #xyz tv1
           5.7424407555344430e+01   9.4538164991677309e+00   1.5845980163837978e-01 #xyz tv2
           5.7879289090907498e+01   9.3893434064228778e+00  -9.2103614852148634e-15 -1 6 #xyz tv3 fid bid
           5.7388637835164673e+01   9.4334752158425008e+00  -9.1696840532453789e-15 #xyz tv0
           5.7424407555344430e+01   9.4538164991677309e+00   1.5845980163837978e-01 #xyz tv1
           5.7425806575556607e+01   1.0013479347369982e+01  -9.5757127474711492e-15 #xyz tv2
           5.7879289090907498e+01   9.3893434064228778e+00  -9.2103614852148634e-15 -1 6 #xyz tv3 fid bid
           5.7424407555344430e+01   9.4538164991677309e+00   1.5845980163837978e-01 #xyz ev0
           5.7388637835164673e+01   9.4334752158425008e+00  -9.1696840532453789e-15 -1 6 #xyz ev1 fid bid
   0   0.000000000000e+00   0.000000000000e+00   0.000000000000e+00 #flag location
END_ERR 
BEGIN_ERR 
26 Small mesh segment detected on body : Box1
 Small mesh segment detected on body : Box1 
 Segment Statistics - Number of Segments : 1 --- Segment length(s) : 0.165126mm. The cutoff frequency for S-Matrix Only Solve is 3.747405725MHz 
1 -1  # nfids, fids[]
1 6  # nbids, bids[]
      5 0 1 0 #ntets ntri ned npts
           5.1544255333007229e+01   2.2859999999999999e+01   7.5954065062028002e+00 #xyz tv0
           5.1599364384198026e+01   2.2859999999999999e+01   8.2583766792500555e+00 #xyz tv1
           5.1596306905375016e+01   2.2698746500696711e+01   8.2229551885349785e+00 #xyz tv2
           5.1145199938258855e+01   2.2859999999999999e+01   7.8939161276623002e+00 -1 6 #xyz tv3 fid bid
           5.1544255333007229e+01   2.2859999999999999e+01   7.5954065062028002e+00 #xyz tv0
           5.1596306905375016e+01   2.2698746500696711e+01   8.2229551885349785e+00 #xyz tv1
           5.1599364384198026e+01   2.2859999999999999e+01   8.2583766792500555e+00 #xyz tv2
           5.1978092361049278e+01   2.2859999999999999e+01   7.9150603769709713e+00 -1 6 #xyz tv3 fid bid
           5.1599364384198026e+01   2.2859999999999999e+01   8.2583766792500555e+00 #xyz tv0
           5.1596306905375016e+01   2.2698746500696711e+01   8.2229551885349785e+00 #xyz tv1
           5.1145199938258855e+01   2.2859999999999999e+01   7.8939161276623002e+00 #xyz tv2
           5.1266653758789317e+01   2.2859999999999999e+01   8.6776103438832770e+00 -1 6 #xyz tv3 fid bid
           5.1599364384198026e+01   2.2859999999999999e+01   8.2583766792500555e+00 #xyz tv0
           5.1596306905375016e+01   2.2698746500696711e+01   8.2229551885349785e+00 #xyz tv1
           5.1951754054427596e+01   2.2859999999999999e+01   8.6299584301726355e+00 #xyz tv2
           5.1978092361049278e+01   2.2859999999999999e+01   7.9150603769709713e+00 -1 6 #xyz tv3 fid bid
           5.1599364384198026e+01   2.2859999999999999e+01   8.2583766792500555e+00 #xyz tv0
           5.1951754054427596e+01   2.2859999999999999e+01   8.6299584301726355e+00 #xyz tv1
           5.1596306905375016e+01   2.2698746500696711e+01   8.2229551885349785e+00 #xyz tv2
           5.1266653758789317e+01   2.2859999999999999e+01   8.6776103438832770e+00 -1 6 #xyz tv3 fid bid
           5.1599364384198026e+01   2.2859999999999999e+01   8.2583766792500555e+00 #xyz ev0
           5.1596306905375016e+01   2.2698746500696711e+01   8.2229551885349785e+00 -1 6 #xyz ev1 fid bid
   0   0.000000000000e+00   0.000000000000e+00   0.000000000000e+00 #flag location
END_ERR 
BEGIN_ERR 
26 Small mesh segment detected on body : Box1
 Small mesh segment detected on body : Box1 
 Segment Statistics - Number of Segments : 1 --- Segment length(s) : 0.172226mm. The cutoff frequency for S-Matrix Only Solve is 3.747405725MHz 
1 -1  # nfids, fids[]
1 6  # nbids, bids[]
      4 0 1 0 #ntets ntri ned npts
           5.6865462756640824e+01   2.2859999999999999e+01   3.6497695987260843e+00 #xyz tv0
           5.6912937470835459e+01   2.2859999999999999e+01   4.1253508992261105e+00 #xyz tv1
           5.6884527362229655e+01   2.2689372730877764e+01   3.6361817780398535e+00 #xyz tv2
           5.6386063502768764e+01   2.2859999999999999e+01   3.6136213554833856e+00 -1 6 #xyz tv3 fid bid
           5.6865462756640824e+01   2.2859999999999999e+01   3.6497695987260843e+00 #xyz tv0
           5.6884527362229655e+01   2.2689372730877764e+01   3.6361817780398535e+00 #xyz tv1
           5.6912937470835459e+01   2.2859999999999999e+01   4.1253508992261105e+00 #xyz tv2
           5.7354718940660490e+01   2.2859999999999999e+01   3.7033236061702599e+00 -1 6 #xyz tv3 fid bid
           5.6865462756640824e+01   2.2859999999999999e+01   3.6497695987260843e+00 #xyz tv0
           5.6884527362229655e+01   2.2689372730877764e+01   3.6361817780398535e+00 #xyz tv1
           5.6819304393573532e+01   2.2859999999999999e+01   3.1312950427066677e+00 #xyz tv2
           5.6386063502768764e+01   2.2859999999999999e+01   3.6136213554833856e+00 -1 6 #xyz tv3 fid bid
           5.6865462756640824e+01   2.2859999999999999e+01   3.6497695987260843e+00 #xyz tv0
           5.6819304393573532e+01   2.2859999999999999e+01   3.1312950427066677e+00 #xyz tv1
           5.6884527362229655e+01   2.2689372730877764e+01   3.6361817780398535e+00 #xyz tv2
           5.7354718940660490e+01   2.2859999999999999e+01   3.7033236061702599e+00 -1 6 #xyz tv3 fid bid
           5.6884527362229655e+01   2.2689372730877764e+01   3.6361817780398535e+00 #xyz ev0
           5.6865462756640824e+01   2.2859999999999999e+01   3.6497695987260843e+00 -1 6 #xyz ev1 fid bid
   0   0.000000000000e+00   0.000000000000e+00   0.000000000000e+00 #flag location
END_ERR 
BEGIN_ERR 
26 Small mesh segment detected on body : Box1
 Small mesh segment detected on body : Box1 
 Segment Statistics - Number of Segments : 1 --- Segment length(s) : 0.175638mm. The cutoff frequency for S-Matrix Only Solve is 3.747405725MHz 
1 -1  # nfids, fids[]
1 6  # nbids, bids[]
      6 0 1 0 #ntets ntri ned npts
           1.4510468952599624e+00   1.4050429384107101e+01   9.9862254273363327e+00 #xyz tv0
           1.4684830126061634e+00   1.4031796218343082e+01   1.0160000000000000e+01 #xyz tv1
           9.0295636952252289e-01   1.4044939230834981e+01   1.0160000000000000e+01 #xyz tv2
           1.1779712450674800e+00   1.4598800403434641e+01   1.0160000000000000e+01 -1 6 #xyz tv3 fid bid
           1.4510468952599624e+00   1.4050429384107101e+01   9.9862254273363327e+00 #xyz tv0
           9.0295636952252289e-01   1.4044939230834981e+01   1.0160000000000000e+01 #xyz tv1
           1.4684830126061634e+00   1.4031796218343082e+01   1.0160000000000000e+01 #xyz tv2
           1.2272906182994916e+00   1.3579962335594047e+01   1.0160000000000000e+01 -1 6 #xyz tv3 fid bid
           1.4684830126061634e+00   1.4031796218343082e+01   1.0160000000000000e+01 #xyz tv0
           1.7715622068751919e+00   1.3595814647297155e+01   1.0160000000000000e+01 #xyz tv1
           1.4510468952599624e+00   1.4050429384107101e+01   9.9862254273363327e+00 #xyz tv2
           1.2272906182994916e+00   1.3579962335594047e+01   1.0160000000000000e+01 -1 6 #xyz tv3 fid bid
           1.4684830126061634e+00   1.4031796218343082e+01   1.0160000000000000e+01 #xyz tv0
           1.1779712450674800e+00   1.4598800403434641e+01   1.0160000000000000e+01 #xyz tv1
           1.4510468952599624e+00   1.4050429384107101e+01   9.9862254273363327e+00 #xyz tv2
           1.7204125578704599e+00   1.4472965391868049e+01   1.0160000000000000e+01 -1 6 #xyz tv3 fid bid
           1.4684830126061634e+00   1.4031796218343082e+01   1.0160000000000000e+01 #xyz tv0
           1.9628492856792599e+00   1.4036919620351442e+01   1.0160000000000000e+01 #xyz tv1
           1.4510468952599624e+00   1.4050429384107101e+01   9.9862254273363327e+00 #xyz tv2
           1.7715622068751919e+00   1.3595814647297155e+01   1.0160000000000000e+01 -1 6 #xyz tv3 fid bid
           1.4684830126061634e+00   1.4031796218343082e+01   1.0160000000000000e+01 #xyz tv0
           1.4510468952599624e+00   1.4050429384107101e+01   9.9862254273363327e+00 #xyz tv1
           1.9628492856792599e+00   1.4036919620351442e+01   1.0160000000000000e+01 #xyz tv2
           1.7204125578704599e+00   1.4472965391868049e+01   1.0160000000000000e+01 -1 6 #xyz tv3 fid bid
           1.4510468952599624e+00   1.4050429384107101e+01   9.9862254273363327e+00 #xyz ev0
           1.4684830126061634e+00   1.4031796218343082e+01   1.0160000000000000e+01 -1 6 #xyz ev1 fid bid
   0   0.000000000000e+00   0.000000000000e+00   0.000000000000e+00 #flag location
END_ERR 
BEGIN_ERR 
26 Small mesh segment detected on body : Box1
 Small mesh segment detected on body : Box1 
 Segment Statistics - Number of Segments : 1 --- Segment length(s) : 0.920253mm. The cutoff frequency for S-Matrix Only Solve is 3.747405725MHz 
3 -1  8  73  # nfids, fids[]
2 6  -1  # nbids, bids[]
      6 4 1 0 #ntets ntri ned npts
           1.8968607511379496e+01   1.8378965665071199e+01   2.6978073724111207e-01 #xyz tv0
           1.9104778289801665e+01   1.8794515360048607e+01  -1.2075139687134446e-15 #xyz tv1
           1.8208067246625937e+01   1.8980427591892827e+01  -1.0794746618050432e-15 #xyz tv2
           1.8629673536170451e+01   1.8162434220489907e+01  -1.3532822575036502e-15 -1 6 #xyz tv3 fid bid
           1.8506060407355562e+01   1.8776109147528807e+01  -3.4791120416601651e-01 #xyz tv0
           1.9104778289801665e+01   1.8794515360048607e+01  -1.2075139687134446e-15 #xyz tv1
           1.8629673536170451e+01   1.8162434220489907e+01  -1.3532822575036502e-15 #xyz tv2
           1.8208067246625937e+01   1.8980427591892827e+01  -1.0794746618050432e-15 -1 6 #xyz tv3 fid bid
           1.8968607511379496e+01   1.8378965665071199e+01   2.6978073724111207e-01 #xyz tv0
           1.8208067246625937e+01   1.8980427591892827e+01  -1.0794746618050432e-15 #xyz tv1
           1.7992419633627023e+01   1.8608939979390975e+01   3.1679809440878864e-01 #xyz tv2
           1.8629673536170451e+01   1.8162434220489907e+01  -1.3532822575036502e-15 -1 6 #xyz tv3 fid bid
           1.8506060407355562e+01   1.8776109147528807e+01  -3.4791120416601651e-01 #xyz tv0
           1.8629673536170451e+01   1.8162434220489907e+01  -1.3532822575036502e-15 #xyz tv1
           1.7931861101897034e+01   1.8885785680832512e+01  -3.2353962267089420e-01 #xyz tv2
           1.8208067246625937e+01   1.8980427591892827e+01  -1.0794746618050432e-15 -1 6 #xyz tv3 fid bid
           1.7883694867746506e+01   1.8339281276755614e+01  -1.2322901665634368e-15 #xyz tv0
           1.7992419633627023e+01   1.8608939979390975e+01   3.1679809440878864e-01 #xyz tv1
           1.8208067246625937e+01   1.8980427591892827e+01  -1.0794746618050432e-15 #xyz tv2
           1.8629673536170451e+01   1.8162434220489907e+01  -1.3532822575036502e-15 -1 6 #xyz tv3 fid bid
           1.7883694867746506e+01   1.8339281276755614e+01  -1.2322901665634368e-15 #xyz tv0
           1.8208067246625937e+01   1.8980427591892827e+01  -1.0794746618050432e-15 #xyz tv1
           1.7931861101897034e+01   1.8885785680832512e+01  -3.2353962267089420e-01 #xyz tv2
           1.8629673536170451e+01   1.8162434220489907e+01  -1.3532822575036502e-15 -1 6 #xyz tv3 fid bid
           1.9104778289801665e+01   1.8794515360048607e+01  -1.2075139687134446e-15 #xyz tv0
           1.8629673536170451e+01   1.8162434220489907e+01  -1.3532822575036502e-15 #xyz tv1
           1.8208067246625937e+01   1.8980427591892827e+01  -1.0794746618050432e-15 8 -1 #xyz tv2 fid bid
           1.9104778289801665e+01   1.8794515360048607e+01  -1.2075139687134446e-15 #xyz tv0
           1.8629673536170451e+01   1.8162434220489907e+01  -1.3532822575036502e-15 #xyz tv1
           1.8208067246625937e+01   1.8980427591892827e+01  -1.0794746618050432e-15 73 -1 #xyz tv2 fid bid
           1.8629673536170451e+01   1.8162434220489907e+01  -1.3532822575036502e-15 #xyz tv0
           1.7883694867746506e+01   1.8339281276755614e+01  -1.2322901665634368e-15 #xyz tv1
           1.8208067246625937e+01   1.8980427591892827e+01  -1.0794746618050432e-15 8 -1 #xyz tv2 fid bid
           1.8629673536170451e+01   1.8162434220489907e+01  -1.3532822575036502e-15 #xyz tv0
           1.7883694867746506e+01   1.8339281276755614e+01  -1.2322901665634368e-15 #xyz tv1
           1.8208067246625937e+01   1.8980427591892827e+01  -1.0794746618050432e-15 73 -1 #xyz tv2 fid bid
           1.8629673536170451e+01   1.8162434220489907e+01  -1.3532822575036502e-15 #xyz ev0
           1.8208067246625937e+01   1.8980427591892827e+01  -1.0794746618050432e-15 -1 6 #xyz ev1 fid bid
   0   0.000000000000e+00   0.000000000000e+00   0.000000000000e+00 #flag location
END_ERR 
BEGIN_ERR 
26 Small mesh segment detected on body : Box1
 Small mesh segment detected on body : Box1 
 Segment Statistics - Number of Segments : 1 --- Segment length(s) : 0.836765mm. The cutoff frequency for S-Matrix Only Solve is 3.747405725MHz 
3 -1  8  73  # nfids, fids[]
2 6  -1  # nbids, bids[]
      6 4 1 0 #ntets ntri ned npts
           3.9395030154668092e+01   4.1881656043255155e+00  -5.9767841647039753e-15 #xyz tv0
           3.9460980859349128e+01   3.9854236946139125e+00   3.3850595424568564e-01 #xyz tv1
           4.0000000000000000e+01   4.0977667737007177e+00  -6.0528337442898717e-15 #xyz tv2
           3.9336518990329566e+01   3.5878952764472389e+00  -5.8640155038075202e-15 -1 6 #xyz tv3 fid bid
           3.9395030154668092e+01   4.1881656043255155e+00  -5.9767841647039753e-15 #xyz tv0
           4.0000000000000000e+01   4.0977667737007177e+00  -6.0528337442898717e-15 #xyz tv1
           3.9402574607873476e+01   4.1543694726746541e+00  -1.9470774707376357e-01 #xyz tv2
           3.9336518990329566e+01   3.5878952764472389e+00  -5.8640155038075202e-15 -1 6 #xyz tv3 fid bid
